set terminal png 
set output 'SNR_histogram'
set title 'SNR_histogram'
set xlabel 'X Values' 
set ylabel 'Y Values' 
set xrange [0:*] 
set boxwidth 0.5 
set style fill solid 
  plot '-'  title 's%' with histeps 
47.999838 136 
49.420005 125 
52.195465 113 
44.817869 135 
63.787558 110 
44.720379 101 
44.780830 121 
48.005289 119 
49.170563 113 
42.262321 112 
46.515391 124 
49.985319 116 
68.636127 126 
49.588260 126 
54.668967 114 
65.455149 109 
49.533625 120 
44.168780 123 
47.199203 112 
49.245620 121 
43.376701 134 
52.598072 133 
59.961202 121 
41.306495 113 
43.479546 106 
41.742924 119 
48.744139 121 
44.607126 120 
46.789750 109 
40.854712 116 
46.498334 117 
58.161084 123 
54.523495 117 
39.848999 130 
46.748515 122 
53.154621 131 
51.150894 130 
45.381338 119 
45.468676 139 
49.685167 104 
51.420921 122 
47.391903 105 
51.626141 111 
39.801248 100 
50.200697 124 
51.788488 114 
46.057972 117 
52.655525 119 
45.565801 125 
39.424790 132 
57.870177 120 
44.194816 126 
48.345176 117 
48.788222 122 
46.859522 111 
41.440165 122 
39.001306 123 
51.792327 108 
46.403402 120 
56.744036 109 
53.555936 120 
42.614442 120 
46.544878 123 
45.327056 98 
48.486227 118 
51.551143 126 
48.241755 123 
46.070021 119 
46.524992 116 
53.365674 118 
50.532190 113 
44.961622 118 
38.918274 136 
41.264679 115 
64.085199 105 
45.264746 123 
48.668841 130 
43.020352 117 
39.241016 126 
49.232257 122 
51.289792 141 
48.479317 116 
43.087714 111 
45.453848 124 
39.475455 128 
48.383742 116 
50.031074 105 
45.111440 120 
47.292978 112 
55.795774 115 
48.367779 111 
49.270091 112 
55.556882 125 
47.959016 112 
45.111037 121 
46.401296 123 
48.025787 120 
43.022144 97 
51.434256 125 
40.352746 129 
46.970921 118 
54.380156 107 
52.590791 114 
38.702953 115 
51.332743 101 
46.693812 113 
47.287996 119 
55.828986 116 
63.023549 109 
39.715838 122 
48.332810 114 
49.476616 117 
48.865157 104 
62.189179 121 
57.669749 124 
52.766484 114 
45.437466 102 
49.805586 128 
48.361668 122 
47.267718 101 
46.214669 113 
50.121911 127 
48.770191 127 
54.150816 101 
48.022812 130 
45.045661 122 
58.651502 122 
43.949018 96 
49.262205 116 
39.958664 114 
46.160393 115 
52.196761 123 
39.698433 123 
47.931777 104 
40.582164 124 
53.979795 133 
42.179482 120 
52.141595 123 
37.921212 125 
47.981428 119 
44.828261 106 
51.798910 133 
41.558651 105 
50.647350 106 
46.629263 129 
47.659750 119 
65.814415 102 
46.599213 95 
56.026632 125 
52.085013 104 
44.578657 123 
59.362850 114 
50.785431 128 
55.533456 127 
46.878192 114 
48.758072 125 
59.550752 119 
52.992100 124 
50.425323 114 
57.021150 118 
43.376056 128 
49.975128 107 
41.412893 105 
51.133942 104 
72.916310 97 
52.953157 113 
44.346771 119 
58.913626 106 
48.564994 111 
52.476301 109 
48.989582 107 
46.086567 125 
56.462530 110 
41.451078 121 
44.285423 127 
43.449688 116 
51.199187 106 
46.140002 101 
48.356123 116 
49.051806 117 
45.840367 133 
44.697420 101 
45.565434 113 
66.952944 114 
49.865496 122 
47.848463 134 
43.725563 106 
39.716944 118 
49.243485 126 
54.155498 106 
49.198163 112 
46.627360 94 
50.603969 89 
47.998346 102 
45.815231 105 
48.433506 110 
47.645255 110 
50.423166 124 
46.712860 121 
52.382220 101 
e 
