set terminal png 
set output 'SNR'
set title 'SNR'
set xlabel 'X Values' 
set ylabel 'Y Values' 
set xrange [0:*] 
set boxwidth 0.5 
set style fill solid 
  plot '-'  title 's%' with linespoints 
1.000703 31.755454 
1.001530 35.717133 
1.002338 27.815560 
1.003145 32.756646 
1.003553 37.630767 
1.003962 31.609729 
1.004571 35.997801 
1.005260 31.940099 
1.005689 29.214547 
1.006099 29.675079 
1.006528 30.117260 
1.006978 28.946284 
1.008283 39.848999 
1.008731 45.024719 
1.009620 35.639625 
1.010748 34.615436 
1.011317 35.739158 
1.012065 47.424432 
1.012935 29.056545 
1.015643 43.412336 
1.101221 29.214547 
1.101631 27.815560 
1.102040 34.615436 
1.102468 35.717133 
1.102917 47.424432 
1.103326 28.946284 
1.103755 31.755454 
1.104144 35.739158 
1.104533 32.756646 
1.105082 29.056545 
1.105491 45.024719 
1.105920 31.940099 
1.106308 37.630767 
1.106717 35.639625 
1.107165 39.848999 
1.107574 35.997801 
1.108401 30.117260 
1.108910 43.412336 
1.109459 29.675079 
1.109948 31.609729 
1.200663 31.940099 
1.201051 35.739158 
1.201481 29.214547 
1.201909 45.024719 
1.202298 39.848999 
1.203185 43.412336 
1.203673 47.424432 
1.204102 28.946284 
1.204571 31.609729 
1.206565 34.615436 
1.206954 29.675079 
1.207383 35.997801 
1.208570 32.756646 
1.209000 27.815560 
1.209769 29.056545 
1.210678 31.755454 
1.211467 35.639625 
1.211876 37.630767 
1.212404 35.717133 
1.213094 30.117260 
1.301261 43.412336 
1.301690 29.056545 
1.302099 34.615436 
1.303006 35.997801 
1.303913 45.024719 
1.304322 27.815560 
1.304771 47.424432 
1.305219 39.848999 
1.305708 35.739158 
1.306505 31.755454 
1.306974 29.214547 
1.307941 37.630767 
1.308750 31.940099 
1.309160 28.946284 
1.310309 29.675079 
1.310698 31.609729 
1.311087 30.117260 
1.311916 32.756646 
1.312585 35.639625 
1.313294 35.717133 
1.400683 35.639625 
1.401111 43.412336 
1.401938 31.940099 
1.402347 31.755454 
1.402875 45.024719 
1.403304 34.615436 
1.403714 29.214547 
1.404142 35.997801 
1.404631 39.848999 
1.405019 47.424432 
1.405449 27.815560 
1.406336 35.717133 
1.406785 30.117260 
1.407175 28.946284 
1.407564 32.756646 
1.408033 31.609729 
1.408441 37.630767 
1.408931 29.675079 
1.409380 35.739158 
1.411569 29.056545 
1.500702 43.412336 
1.501630 31.755454 
1.502039 30.117260 
1.502428 35.997801 
1.502816 37.630767 
1.503465 29.675079 
1.503954 32.756646 
1.504383 45.024719 
1.504772 28.946284 
1.505341 31.940099 
1.506168 35.739158 
1.506578 31.609729 
1.506966 35.639625 
1.507794 29.056545 
1.508702 47.424432 
1.509251 39.848999 
1.510299 34.615436 
1.510688 35.717133 
1.511118 27.815560 
1.511527 29.214547 
1.600643 35.739158 
1.601091 37.630767 
1.601501 29.056545 
1.601950 31.940099 
1.602359 29.675079 
1.603206 30.117260 
1.603636 27.815560 
1.604065 32.756646 
1.604454 35.717133 
1.605400 47.424432 
1.605870 28.946284 
1.606298 43.412336 
1.606727 31.609729 
1.607136 35.639625 
1.607625 29.214547 
1.608014 31.755454 
1.608483 34.615436 
1.609832 35.997801 
1.610280 45.024719 
1.610869 39.848999 
1.700702 43.412336 
1.701091 31.940099 
1.701580 35.639625 
1.702089 31.755454 
1.702657 45.024719 
1.703087 29.056545 
1.703495 37.630767 
1.703903 47.424432 
1.704293 28.946284 
1.704702 30.117260 
1.705112 27.815560 
1.705521 31.609729 
1.705910 35.997801 
1.706318 35.739158 
1.706767 34.615436 
1.707236 35.717133 
1.707684 39.848999 
1.708094 29.214547 
1.710371 29.675079 
1.711340 32.756646 
1.800643 35.739158 
1.801092 31.940099 
1.801600 37.630767 
1.801988 43.412336 
1.802378 27.815560 
1.803445 39.848999 
1.803834 35.997801 
1.804342 45.024719 
1.804771 29.675079 
1.805160 32.756646 
1.805589 35.717133 
1.805998 31.609729 
1.806387 31.755454 
1.806777 29.214547 
1.807205 35.639625 
1.807675 29.056545 
1.808084 30.117260 
1.808533 34.615436 
1.809941 47.424432 
1.810771 28.946284 
1.900643 35.639625 
1.901032 31.940099 
1.901420 47.424432 
1.901948 43.412336 
1.902775 39.848999 
1.903264 35.717133 
1.903673 31.609729 
1.904141 45.024719 
1.904590 35.739158 
1.904999 29.056545 
1.905448 31.755454 
1.906306 30.117260 
1.906815 27.815560 
1.907225 29.675079 
1.907634 29.214547 
1.908023 37.630767 
1.908511 35.997801 
1.909300 32.756646 
1.910470 28.946284 
1.911199 34.615436 
2.000943 31.940099 
2.001790 43.412336 
2.002179 29.675079 
2.002588 35.639625 
2.003037 31.609729 
2.003486 34.615436 
2.003895 29.214547 
2.004344 35.997801 
2.004792 39.848999 
2.005640 31.755454 
2.006467 35.717133 
2.006916 28.946284 
2.007305 37.630767 
2.008272 47.424432 
2.008861 32.756646 
2.010029 35.739158 
2.010599 29.056545 
2.012146 27.815560 
2.014275 45.024719 
2.016044 30.117260 
2.100683 35.717133 
2.101112 29.056545 
2.101521 31.609729 
2.102051 28.946284 
2.102439 35.639625 
2.102868 35.739158 
2.103336 43.412336 
2.103765 37.630767 
2.104174 27.815560 
2.104624 29.214547 
2.105032 45.024719 
2.105501 35.997801 
2.105909 47.424432 
2.106317 39.848999 
2.106766 34.615436 
2.107156 29.675079 
2.107644 32.756646 
2.108034 31.940099 
2.108443 30.117260 
2.108912 31.755454 
2.200642 35.997801 
2.201510 31.609729 
2.201939 31.755454 
2.202327 43.412336 
2.203295 28.946284 
2.203764 27.815560 
2.204153 47.424432 
2.204541 35.739158 
2.205011 29.056545 
2.205400 29.675079 
2.205829 30.117260 
2.206379 31.940099 
2.206847 35.639625 
2.207256 37.630767 
2.207664 35.717133 
2.208093 34.615436 
2.208502 39.848999 
2.208891 32.756646 
2.209519 45.024719 
2.210488 29.214547 
2.301241 29.675079 
2.301650 35.739158 
2.302038 43.412336 
2.302906 28.946284 
2.303355 29.056545 
2.303764 35.997801 
2.304691 30.117260 
2.305548 31.940099 
2.305976 45.024719 
2.306466 27.815560 
2.306855 31.609729 
2.307244 32.756646 
2.307633 34.615436 
2.308022 37.630767 
2.308410 39.848999 
2.309378 47.424432 
2.309888 29.214547 
2.310616 35.717133 
2.311225 31.755454 
2.312254 35.639625 
2.400642 39.848999 
2.401031 35.997801 
2.401439 45.024719 
2.401849 29.056545 
2.402298 32.756646 
2.402707 31.609729 
2.403196 28.946284 
2.403605 43.412336 
2.403994 31.940099 
2.404382 37.630767 
2.404871 35.717133 
2.405419 35.639625 
2.406009 30.117260 
2.406417 47.424432 
2.406826 35.739158 
2.407255 29.675079 
2.407645 27.815560 
2.408054 29.214547 
2.408503 34.615436 
2.408892 31.755454 
2.500662 37.630767 
2.501112 30.117260 
2.501540 47.424432 
2.502407 31.940099 
2.502796 31.755454 
2.503823 35.639625 
2.504272 34.615436 
2.504682 27.815560 
2.505091 35.997801 
2.505620 29.675079 
2.506029 28.946284 
2.506478 35.739158 
2.506867 32.756646 
2.507255 39.848999 
2.507664 43.412336 
2.508073 31.609729 
2.508582 29.214547 
2.508971 35.717133 
2.509779 45.024719 
2.510669 29.056545 
2.600802 47.424432 
2.602038 28.946284 
2.602427 29.214547 
2.602896 34.615436 
2.603445 35.997801 
2.603834 30.117260 
2.604283 29.675079 
2.605141 29.056545 
2.605610 31.609729 
2.606038 35.739158 
2.606487 45.024719 
2.606876 31.940099 
2.607284 35.717133 
2.607854 27.815560 
2.608723 35.639625 
2.609792 32.756646 
2.610201 31.755454 
2.610589 37.630767 
2.611098 43.412336 
2.611946 39.848999 
2.700663 32.756646 
2.701092 29.675079 
2.701521 35.717133 
2.701949 35.639625 
2.702398 47.424432 
2.702786 34.615436 
2.703275 31.940099 
2.703745 29.214547 
2.704194 29.056545 
2.704603 37.630767 
2.705112 31.755454 
2.705540 43.412336 
2.706337 39.848999 
2.706746 28.946284 
2.707256 27.815560 
2.707665 35.739158 
2.708154 31.609729 
2.708542 35.997801 
2.710732 30.117260 
2.711120 45.024719 
2.800823 32.756646 
2.801630 31.609729 
2.802158 47.424432 
2.802567 31.755454 
2.802956 34.615436 
2.803903 45.024719 
2.804291 39.848999 
2.804679 43.412336 
2.805089 28.946284 
2.805518 27.815560 
2.806008 29.056545 
2.806477 35.639625 
2.806886 29.214547 
2.807375 31.940099 
2.807824 30.117260 
2.808702 29.675079 
2.810070 35.997801 
2.810599 37.630767 
2.811348 35.717133 
2.811816 35.739158 
2.900742 47.424432 
2.901609 35.739158 
2.901997 39.848999 
2.902506 32.756646 
2.902935 35.639625 
2.903324 37.630767 
2.903733 31.755454 
2.904202 31.609729 
2.905049 35.717133 
2.905479 27.815560 
2.905968 29.675079 
2.906357 43.412336 
2.906926 30.117260 
2.907315 29.056545 
2.908223 28.946284 
2.908632 35.997801 
2.909981 31.940099 
2.910469 34.615436 
2.911018 45.024719 
2.911927 29.214547 
3.001101 31.609729 
3.001689 47.424432 
3.003115 27.815560 
3.003544 35.739158 
3.004371 39.848999 
3.005338 45.024719 
3.006165 35.997801 
3.006593 37.630767 
3.007002 35.639625 
3.007391 30.117260 
3.008288 31.755454 
3.008758 29.675079 
3.009427 29.056545 
3.010096 32.756646 
3.010525 34.615436 
3.011213 43.412336 
3.012223 28.946284 
3.012772 29.214547 
3.013741 31.940099 
3.015150 35.717133 
3.100802 45.024719 
3.101211 31.755454 
3.102059 29.675079 
3.102648 30.117260 
3.103037 31.609729 
3.103426 35.739158 
3.104294 29.056545 
3.104682 34.615436 
3.105151 35.639625 
3.105540 28.946284 
3.105930 29.214547 
3.106398 37.630767 
3.106947 43.412336 
3.107396 32.756646 
3.107804 35.717133 
3.108193 47.424432 
3.108582 27.815560 
3.108971 39.848999 
3.109680 31.940099 
3.110688 35.997801 
3.200663 29.214547 
3.201500 31.940099 
3.201930 27.815560 
3.202339 34.615436 
3.202728 29.056545 
3.203157 37.630767 
3.204104 39.848999 
3.204533 31.609729 
3.205002 32.756646 
3.205451 30.117260 
3.205900 31.755454 
3.206389 35.717133 
3.206837 47.424432 
3.207226 35.997801 
3.207694 45.024719 
3.208083 28.946284 
3.208492 35.639625 
3.208880 43.412336 
3.209829 35.739158 
3.210958 29.675079 
3.300702 37.630767 
3.301112 27.815560 
3.301501 31.940099 
3.301969 43.412336 
3.302439 29.214547 
3.302828 30.117260 
3.303357 31.755454 
3.303746 34.615436 
3.304195 32.756646 
3.305072 35.739158 
3.305500 35.717133 
3.305929 39.848999 
3.306477 47.424432 
3.306966 28.946284 
3.307395 45.024719 
3.307783 35.997801 
3.308173 29.675079 
3.308562 31.609729 
3.309851 29.056545 
3.311180 35.639625 
3.400703 30.117260 
3.401091 39.848999 
3.401500 35.639625 
3.402387 31.755454 
3.403455 27.815560 
3.404252 37.630767 
3.405119 31.609729 
3.405548 32.756646 
3.405937 29.056545 
3.406346 34.615436 
3.407193 45.024719 
3.407602 35.997801 
3.408110 47.424432 
3.408659 35.717133 
3.409408 29.214547 
3.410217 31.940099 
3.410846 35.739158 
3.411475 29.675079 
3.412423 43.412336 
3.413873 28.946284 
3.500723 29.675079 
3.501132 34.615436 
3.502547 31.940099 
3.503095 43.412336 
3.503524 32.756646 
3.503994 30.117260 
3.504383 28.946284 
3.504891 47.424432 
3.505280 37.630767 
3.505669 35.639625 
3.506138 27.815560 
3.506547 35.717133 
3.506956 35.997801 
3.507365 31.755454 
3.507773 35.739158 
3.508163 29.056545 
3.508552 29.214547 
3.508961 31.609729 
3.509490 45.024719 
3.510838 39.848999 
3.600703 29.214547 
3.602078 32.756646 
3.602467 31.755454 
3.602916 43.412336 
3.603344 45.024719 
3.604231 47.424432 
3.604620 31.940099 
3.605108 35.997801 
3.605975 35.739158 
3.606365 29.675079 
3.606754 29.056545 
3.607184 28.946284 
3.607813 27.815560 
3.608682 34.615436 
3.609110 39.848999 
3.609939 35.639625 
3.610708 35.717133 
3.611277 30.117260 
3.612374 31.609729 
3.615643 37.630767 
3.700803 31.755454 
3.701232 28.946284 
3.701681 31.609729 
3.702070 47.424432 
3.702459 29.214547 
3.702909 27.815560 
3.703297 45.024719 
3.703725 39.848999 
3.705171 29.056545 
3.705600 35.639625 
3.706487 35.739158 
3.706876 32.756646 
3.707264 35.717133 
3.707653 37.630767 
3.708162 29.675079 
3.708891 43.412336 
3.709359 34.615436 
3.710128 35.997801 
3.710657 30.117260 
3.711226 31.940099 
3.800663 31.609729 
3.801132 31.755454 
3.801561 34.615436 
3.801950 30.117260 
3.802379 35.639625 
3.802787 37.630767 
3.803196 35.997801 
3.803973 32.756646 
3.804441 43.412336 
3.804849 47.424432 
3.805238 39.848999 
3.805767 29.214547 
3.806155 45.024719 
3.806625 29.675079 
3.807133 35.717133 
3.807563 27.815560 
3.807972 31.940099 
3.808362 28.946284 
3.808791 29.056545 
3.809260 35.739158 
3.900783 29.214547 
3.901172 37.630767 
3.902487 35.739158 
3.902976 31.940099 
3.903404 35.997801 
3.903873 34.615436 
3.904302 32.756646 
3.904750 43.412336 
3.905199 47.424432 
3.905668 29.056545 
3.906057 31.609729 
3.906447 28.946284 
3.906836 27.815560 
3.907305 35.717133 
3.907774 31.755454 
3.908761 30.117260 
3.909410 35.639625 
3.910879 39.848999 
3.911327 45.024719 
3.912356 29.675079 
4.000643 28.946284 
4.001032 32.756646 
4.001501 31.755454 
4.002867 29.675079 
4.003276 34.615436 
4.003684 45.024719 
4.004114 31.609729 
4.004562 43.412336 
4.004970 37.630767 
4.005379 47.424432 
4.006246 35.739158 
4.006635 30.117260 
4.007204 35.717133 
4.007673 27.815560 
4.008063 29.214547 
4.008471 35.997801 
4.009020 31.940099 
4.009509 35.639625 
4.011659 29.056545 
4.014427 39.848999 
4.100703 35.639625 
4.101530 29.214547 
4.102040 29.056545 
4.102429 32.756646 
4.103516 28.946284 
4.103905 31.609729 
4.104354 43.412336 
4.104803 31.940099 
4.105630 35.739158 
4.106039 31.755454 
4.106507 37.630767 
4.106896 39.848999 
4.107444 35.997801 
4.107852 47.424432 
4.108241 35.717133 
4.108991 27.815560 
4.109640 30.117260 
4.110028 45.024719 
4.110898 29.675079 
4.112027 34.615436 
4.200683 31.609729 
4.201631 27.815560 
4.202040 29.214547 
4.202429 35.997801 
4.203017 35.739158 
4.203427 30.117260 
4.204602 31.940099 
4.205011 35.639625 
4.205868 32.756646 
4.206516 37.630767 
4.206924 45.024719 
4.207394 29.675079 
4.207783 29.056545 
4.208313 28.946284 
4.208762 31.755454 
4.209230 47.424432 
4.209778 43.412336 
4.210507 34.615436 
4.211496 39.848999 
4.211944 35.717133 
4.300703 29.214547 
4.301112 35.739158 
4.301521 30.117260 
4.302548 35.997801 
4.302977 29.675079 
4.303367 28.946284 
4.303755 43.412336 
4.304742 47.424432 
4.305130 45.024719 
4.305559 32.756646 
4.306446 37.630767 
4.306855 35.639625 
4.307345 27.815560 
4.307874 31.609729 
4.308502 35.717133 
4.309011 31.940099 
4.309580 34.615436 
4.310689 39.848999 
4.311218 29.056545 
4.311607 31.755454 
4.401101 30.117260 
4.401490 35.717133 
4.401899 29.056545 
4.402288 35.639625 
4.402676 43.412336 
4.403085 32.756646 
4.403593 47.424432 
4.404082 37.630767 
4.404491 34.615436 
4.404940 29.214547 
4.405429 29.675079 
4.405818 45.024719 
4.406805 35.997801 
4.407194 27.815560 
4.407644 28.946284 
4.408033 31.609729 
4.408941 39.848999 
4.409710 31.940099 
4.410399 35.739158 
4.410908 31.755454 
4.500663 35.739158 
4.501112 27.815560 
4.501520 43.412336 
4.501929 35.639625 
4.502659 29.214547 
4.503107 34.615436 
4.503557 30.117260 
4.503945 35.997801 
4.504374 32.756646 
4.504764 29.675079 
4.505232 39.848999 
4.505642 29.056545 
4.506091 28.946284 
4.506500 31.940099 
4.506909 37.630767 
4.507298 31.755454 
4.507686 35.717133 
4.508075 45.024719 
4.508504 31.609729 
4.508912 47.424432 
4.600683 35.639625 
4.601071 35.997801 
4.601459 45.024719 
4.601848 31.755454 
4.602297 35.717133 
4.602706 35.739158 
4.603095 30.117260 
4.603565 29.056545 
4.604034 31.609729 
4.604543 29.214547 
4.604932 31.940099 
4.606786 43.412336 
4.607275 28.946284 
4.607823 47.424432 
4.608212 34.615436 
4.610040 29.675079 
4.610809 27.815560 
4.611498 32.756646 
4.612407 39.848999 
4.615095 37.630767 
4.700643 31.755454 
4.701092 29.214547 
4.701480 47.424432 
4.702308 35.739158 
4.702776 35.997801 
4.703185 35.639625 
4.703573 37.630767 
4.704163 28.946284 
4.704592 29.056545 
4.705102 30.117260 
4.705510 43.412336 
4.705899 34.615436 
4.706288 29.675079 
4.706676 45.024719 
4.707085 39.848999 
4.707533 35.717133 
4.708023 27.815560 
4.708512 31.940099 
4.708921 32.756646 
4.710370 31.609729 
4.800663 34.615436 
4.801490 29.675079 
4.802020 29.056545 
4.802489 31.940099 
4.802878 27.815560 
4.803347 32.756646 
4.803736 31.755454 
4.804125 43.412336 
4.804554 28.946284 
4.805062 47.424432 
4.805451 35.639625 
4.805960 30.117260 
4.806369 35.739158 
4.806777 45.024719 
4.807266 39.848999 
4.807715 31.609729 
4.808124 29.214547 
4.808513 35.717133 
4.808902 35.997801 
4.809770 37.630767 
4.900683 32.756646 
4.901071 47.424432 
4.901480 35.639625 
4.902346 39.848999 
4.902775 35.717133 
4.903323 43.412336 
4.903792 37.630767 
4.904321 31.609729 
4.904770 31.755454 
4.905200 29.056545 
4.905629 27.815560 
4.906487 30.117260 
4.906875 35.997801 
4.907264 31.940099 
4.907734 29.675079 
4.908163 29.214547 
4.908592 35.739158 
4.908980 45.024719 
4.909909 34.615436 
4.911118 28.946284 
e 
