11
3
3
3
5
6
18
14
0
24
2
17
7
21
6
14
14
2
19
21
13
23
7
1
11
1
9
18
16
24
3
4
3
14
25
12
16
14
13
4
15
14
8
4
7
12
14
12
10
12
13
15
3
9
4
11
5
20
22
24
16
5
11
17
10
0
15
5
24
0
3
12
10
24
7
3
6
13
7
13
18
4
6
12
13
6
14
0
19
23
18
0
22
0
16
9
15
6
5
24
12
15
0
11
25
21
9
7
10
13
10
24
21
5
10
15
0
4
4
8
20
0
19
21
15
24
21
7
7
13
21
17
24
9
2
14
14
2
6
8
2
24
21
20
17
8
3
2
5
3
17
21
24
12
7
21
24
4
9
15
9
2
8
8
17
17
15
0
7
19
20
23
3
14
3
2
11
24
1
19
13
1
15
13
22
2
14
14
8
4
17
4
7
12
10
11
6
6
2
1
12
7
15
16
5
13
5
19
6
4
10
10
8
13
9
24
14
3
24
19
4
0
5
4
17
5
3
21
4
16
7
3
0
5
3
14
3
15
8
7
14
4
5
7
22
9
15
21
9
0
11
14
14
25
10
12
11
6
22
16
8
10
0
23
7
16
18
1
25
18
21
25
11
6
19
16
17
8
7
3
2
21
3
11
1
3
4
7
16
5
14
7
2
3
7
11
12
13
2
16
9
3
22
25
13
4
8
14
7
5
8
10
20
24
15
7
1
4
12
1
5
13
4
24
10
0
7
4
14
13
6
19
15
21
12
19
3
4
18
12
11
7
3
10
12
7
14
8
10
13
1
3
14
2
15
14
15
10
4
9
25
17
12
0
11
3
5
13
25
3
4
8
3
6
25
3
0
15
7
6
3
22
3
7
16
3
19
24
4
21
1
15
4
5
4
18
6
23
2
5
7
8
13
2
13
19
2
3
18
7
18
3
1
12
13
2
3
4
15
5
2
11
19
11
5
11
3
22
16
8
16
11
2
14
19
4
3
0
4
25
13
13
3
4
3
17
14
10
2
4
13
23
24
2
4
25
23
6
7
14
12
12
3
7
17
8
4
4
22
16
20
2
10
21
17
13
1
10
3
7
15
5
8
14
8
0
2
13
7
21
10
7
1
0
12
10
12
14
12
7
2
12
8
15
4
6
6
11
3
2
12
3
20
11
15
6
5
11
20
3
24
11
1
21
12
6
22
0
21
24
2
0
12
3
24
3
1
6
3
16
7
4
19
3
13
16
7
2
13
1
7
1
7
12
14
3
2
6
12
7
11
21
3
5
12
19
3
16
10
12
14
6
8
14
3
21
3
0
7
0
12
6
0
5
12
10
6
14
13
6
0
15
7
6
5
13
4
4
12
11
1
18
0
4
8
22
21
11
7
19
13
18
0
5
12
1
3
24
2
5
22
19
16
8
1
5
22
15
14
25
17
4
5
9
7
3
23
14
1
11
23
15
10
12
8
11
5
12
0
4
20
13
3
5
14
11
12
3
0
11
12
6
14
6
8
0
3
0
10
13
0
0
19
0
25
14
19
7
3
6
5
23
10
3
23
3
11
1
10
2
12
23
10
3
17
5
11
12
0
8
10
8
23
8
3
13
10
3
19
10
7
10
0
19
3
12
7
11
6
14
21
0
8
2
18
12
14
1
5
0
24
24
5
14
2
2
0
5
4
19
3
8
24
7
4
6
6
23
15
13
25
7
12
20
24
0
10
12
0
11
15
23
14
3
14
23
11
19
14
3
8
1
1
17
0
13
6
17
5
1
18
16
19
14
4
3
1
11
17
18
15
8
15
2
17
3
2
14
15
10
15
11
22
11
5
9
15
21
15
15
16
3
0
13
13
25
6
14
23
3
12
7
5
13
5
2
15
3
14
9
1
11
4
22
11
11
4
19
15
17
12
13
18
13
4
9
21
10
15
3
0
15
10
2
2
19
22
9
7
21
19
5
21
3
24
1
15
17
0
2
7
15
24
2
14
13
15
12
18
4
7
23
22
24
23
2
13
5
0
4
12
12
10


