set terminal png 
set output 'SNR'
set title 'SNR'
set xlabel 'X Values' 
set ylabel 'Y Values' 
set xrange [0:*] 
set boxwidth 0.5 
set style fill solid 
  plot '-'  title 's%' with linespoints 
1.144564 52.476301 
1.146131 52.476301 
1.147744 52.476301 
1.150422 52.476301 
1.151372 41.306495 
1.153902 41.306495 
1.154291 41.306495 
1.154799 41.306495 
1.156789 42.179482 
1.157876 52.476301 
1.158325 41.306495 
1.160535 41.306495 
1.160983 52.476301 
1.161789 52.476301 
1.162385 52.476301 
1.162874 42.179482 
1.164959 42.179482 
1.165347 45.840367 
1.165756 45.840367 
1.166264 42.179482 
1.166753 41.306495 
1.167161 52.476301 
1.167529 52.476301 
1.167918 45.840367 
1.169216 42.179482 
1.170053 42.179482 
1.170442 45.840367 
1.170830 45.840367 
1.171218 42.179482 
1.172530 41.306495 
1.172958 52.476301 
1.173855 42.179482 
1.174263 45.840367 
1.175332 45.840367 
1.175721 41.306495 
1.176418 42.179482 
1.176826 42.179482 
1.178097 41.306495 
1.178726 42.179482 
1.179495 45.840367 
1.179883 41.306495 
1.183084 46.515391 
1.183793 46.515391 
1.184302 49.588260 
1.184670 49.588260 
1.185158 46.515391 
1.186063 45.840367 
1.186756 49.588260 
1.187164 45.840367 
1.187552 45.840367 
1.188081 49.588260 
1.188509 46.515391 
1.189313 49.588260 
1.189882 49.588260 
1.190310 46.515391 
1.191618 51.420921 
1.192066 51.420921 
1.192722 51.420921 
1.193111 46.515391 
1.193999 46.515391 
1.194543 51.420921 
1.195012 51.420921 
1.195400 46.515391 
1.195848 49.588260 
1.196237 51.420921 
1.196705 46.515391 
1.197932 46.515391 
1.198989 49.588260 
1.199437 46.515391 
1.199986 49.588260 
1.200474 52.476301 
1.200882 51.420921 
1.201929 49.588260 
1.202936 46.515391 
1.203404 51.420921 
1.203932 45.840367 
1.204341 49.588260 
1.205105 41.306495 
1.205942 51.420921 
1.206630 42.179482 
1.207238 51.420921 
1.207826 51.420921 
1.208615 49.588260 
1.209183 51.420921 
1.300762 42.179482 
1.301290 45.840367 
1.302019 46.515391 
1.302687 49.588260 
1.303095 51.420921 
1.303504 41.306495 
1.306921 52.476301 
1.400682 49.588260 
1.401411 51.420921 
1.401839 46.515391 
1.402647 42.179482 
1.403096 52.476301 
1.403544 45.840367 
1.404073 41.306495 
1.500922 52.476301 
1.501989 51.420921 
1.503236 46.515391 
1.503644 42.179482 
1.504272 45.840367 
1.505517 41.306495 
1.506606 49.588260 
1.600642 41.306495 
1.601131 46.515391 
1.601539 51.420921 
1.602067 52.476301 
1.602456 45.840367 
1.602844 49.588260 
1.604029 42.179482 
1.700742 42.179482 
1.701351 46.515391 
1.701779 49.588260 
1.702167 41.306495 
1.702636 51.420921 
1.703044 52.476301 
1.703673 45.840367 
1.800882 41.306495 
1.801331 51.420921 
1.801739 46.515391 
1.802207 52.476301 
1.802696 42.179482 
1.803224 49.588260 
1.803953 45.840367 
1.900682 41.306495 
1.901511 51.420921 
1.902657 46.515391 
1.903046 45.840367 
1.903434 49.588260 
1.903863 42.179482 
1.906248 52.476301 
2.000642 45.840367 
2.001090 51.420921 
2.001499 49.588260 
2.002207 52.476301 
2.002616 46.515391 
2.003084 42.179482 
2.003533 41.306495 
2.101133 51.420921 
2.111553 49.588260 
2.120842 52.476301 
2.136149 46.515391 
2.141308 41.306495 
2.153188 45.840367 
2.153926 42.179482 
2.201182 46.515391 
2.201671 51.420921 
2.202079 41.306495 
2.202487 49.588260 
2.202976 42.179482 
2.203384 45.840367 
2.204093 52.476301 
2.300662 46.515391 
2.301451 51.420921 
2.301979 45.840367 
2.302607 42.179482 
2.303156 52.476301 
2.303564 41.306495 
2.304012 49.588260 
2.400682 45.840367 
2.401191 46.515391 
2.401639 52.476301 
2.402447 42.179482 
2.403096 41.306495 
2.403564 51.420921 
2.404033 49.588260 
2.501460 49.588260 
2.501869 42.179482 
2.502318 41.306495 
2.503086 52.476301 
2.503554 51.420921 
2.503963 46.515391 
2.504948 45.840367 
2.600902 49.588260 
2.601391 42.179482 
2.601959 51.420921 
2.602447 45.840367 
2.602996 52.476301 
2.603604 41.306495 
2.604093 46.515391 
2.701042 45.840367 
2.701451 41.306495 
2.702239 51.420921 
2.702667 42.179482 
2.703176 46.515391 
2.703684 52.476301 
2.704093 49.588260 
2.800982 46.515391 
2.801370 52.476301 
2.801979 45.840367 
2.802407 42.179482 
2.802916 49.588260 
2.803620 41.306495 
2.804209 51.420921 
2.900682 52.476301 
2.901371 45.840367 
2.902079 49.588260 
2.902507 46.515391 
2.903016 51.420921 
2.903424 42.179482 
2.903972 41.306495 
3.000782 51.420921 
3.001270 49.588260 
3.001939 41.306495 
3.002607 52.476301 
3.003156 45.840367 
3.003564 42.179482 
3.003953 46.515391 
3.100814 45.840367 
3.101183 52.476301 
3.119944 46.515391 
3.131288 49.588260 
3.132900 42.179482 
3.135670 41.306495 
3.144753 51.420921 
3.200702 52.476301 
3.201150 51.420921 
3.201559 45.840367 
3.202407 49.588260 
3.203075 46.515391 
3.203504 41.306495 
3.204052 42.179482 
3.300642 51.420921 
3.301510 42.179482 
3.302179 49.588260 
3.303106 41.306495 
3.304771 52.476301 
3.306059 46.515391 
3.306747 45.840367 
3.401342 42.179482 
3.401850 45.840367 
3.402299 46.515391 
3.402687 41.306495 
3.403156 51.420921 
3.403584 49.588260 
3.404093 52.476301 
3.500662 51.420921 
3.501471 41.306495 
3.502059 49.588260 
3.502507 45.840367 
3.503196 46.515391 
3.503604 52.476301 
3.504013 42.179482 
3.601022 49.588260 
3.601511 41.306495 
3.601939 46.515391 
3.602507 51.420921 
3.602896 45.840367 
3.603436 42.179482 
3.604044 52.476301 
3.700722 45.840367 
3.701231 46.515391 
3.701619 51.420921 
3.702188 41.306495 
3.702716 52.476301 
3.703265 42.179482 
3.703773 49.588260 
3.801062 51.420921 
3.801470 45.840367 
3.801879 42.179482 
3.802287 52.476301 
3.803256 49.588260 
3.803684 46.515391 
3.804112 41.306495 
3.901002 41.306495 
3.901490 49.588260 
3.901939 52.476301 
3.902327 42.179482 
3.902756 51.420921 
3.903224 46.515391 
3.903809 45.840367 
4.000662 51.420921 
4.001070 52.476301 
4.002557 49.588260 
4.002966 45.840367 
4.003594 42.179482 
4.004143 41.306495 
4.005067 46.515391 
4.118274 52.476301 
4.122283 51.420921 
4.136493 42.179482 
4.146412 41.306495 
4.150327 46.515391 
4.168555 45.840367 
4.174473 49.588260 
4.200902 46.515391 
4.201371 42.179482 
4.201919 49.588260 
4.202628 51.420921 
4.203016 41.306495 
4.204779 52.476301 
4.205508 45.840367 
4.301002 42.179482 
4.301390 45.840367 
4.301939 46.515391 
4.302667 41.306495 
4.303156 52.476301 
4.303704 51.420921 
4.304093 49.588260 
4.400902 51.420921 
4.401330 52.476301 
4.401899 46.515391 
4.402467 41.306495 
4.402976 45.840367 
4.403644 42.179482 
4.404073 49.588260 
4.500722 49.588260 
4.501798 52.476301 
4.502467 51.420921 
4.502855 46.515391 
4.503284 45.840367 
4.503752 42.179482 
4.505017 41.306495 
4.600802 49.588260 
4.601631 41.306495 
4.602019 46.515391 
4.602407 45.840367 
4.603196 42.179482 
4.603761 51.420921 
4.604189 52.476301 
4.701002 46.515391 
4.701451 42.179482 
4.702039 52.476301 
4.702448 49.588260 
4.702916 45.840367 
4.703384 51.420921 
4.704073 41.306495 
4.801210 42.179482 
4.801678 51.420921 
4.802687 49.588260 
4.803095 46.515391 
4.803604 41.306495 
4.804349 45.840367 
4.805417 52.476301 
4.900922 46.515391 
4.901351 42.179482 
4.901939 52.476301 
4.902387 51.420921 
4.902896 45.840367 
4.903521 41.306495 
4.904029 49.588260 
e 
